$ANSIBLE_VAULT;1.1;AES256
37666332653938663439303737616131666236623937326266326637653162313664323333636632
3963636239613839643436356436353065373838306232360a393361643632383931336434363233
64666435646332656164356232303064303833666539386564306161383034353162613630356563
6535653564383736300a663936323665363937613030633530663262363661306536616361303738
34636435343337303463373833393264326235323233323161383235333131383063316132653037
63363836383363643466316664653462643261386662663963343439306462356466313864303265
34626636303838303632613538643835366435616339386661376434663764343362376664636236
35366434666332323938353138656666633537663165633432356630623536346436373138666430
33346261386164323065386535616261363634373934613339626166343737366539346462393166
66363137383761663735313061343565663365383630633335353133333633336332386366323766
34613962383937373766366637326636313465323338623035376132633039323131303934366638
31393537336361643333356263343461393964386534663537626237306362363964306464333761
65303861373965323830303334356432633264363564356238393930396333633431
