$ANSIBLE_VAULT;1.1;AES256
63343361643536303463366639356566616163396362333931343763316432616537666463643763
3563333530666131646631376139323462383831393066360a616131383563663565326532653730
31653263316231363235376438383735636131646265313232646231303163343531623133393565
6535383762613130660a613836393132643664336539333463333837303532636136636166656162
31653330386430663337396465633332306330373934653839386364646665306439616465636465
36306361343732346363356639663762386339643565666436386637663531633036356238306237
66376532663538636534396535303163333539333861353165303363336135616137323437656235
63316362363536363461373533633532663336343836383832626138613838343339313236393737
32373261656164633664346136343463353132356161666161333633363530356163336630343466
37386666616465393462383033643063663961663464363861623465636563636532613336336162
31313837316133626437353863636137336563626532343764653965363565383331346137623766
35363963663135303937
