$ANSIBLE_VAULT;1.1;AES256
35356432323035343532633335653139333761333237616361633733323130393832626364336631
6233623432376533353166356135323266623663656432610a343164383765346333613338613230
36653931663739623838663762313436623937363132313336313034316630613063633137343534
6665616663643731660a383830613238393230393961666634323936363333383430613939653431
39653166396663626139393063396434326331396633333332633162336539346439363461353237
35373464316235383331613737633962313738613264643465656431356162333432633361333465
36333961356662393631323332656237623766643465316330326330633138626134363631303431
61633762303964633538353961323832656563306133373761323439373962363134353263353433
37363233653066663763353763396139336539613362613430623865356434313532346433363865
38363530623162666562383734373130363234656631353865313364333661366237393632386233
32353232623137313161316639643736343436343964643833376535656462636235633236336434
34653432336462353663386132323937316233653363613630303634333831646566393433363161
31373935306266346533396334323666383262313632656332653730613830646134303762393561
3136363636646233663630386431643830636131663432323130
